# k gas iso ps loopA loopB ics fb_flat nfw_NFW_g1_rho2.5_rs21_R08_rvir402_ns2048_normpole_pheno
0.000000000000000000e+00 2.801441550254821777e-01 5.520817947387695312e+01 1.277297973632812500e+00 5.814937864556668501e-08 2.565160393714904785e-03 3.885721564292907715e-01 1.650549285113811493e-02 3.456218913197517395e-02
1.000000000000000000e+00 4.619656801223754883e-01 5.528350830078125000e+01 1.074546933174133301e+00 7.531664323323639110e-07 3.127790696453303099e-04 5.505317449569702148e-01 1.830710284411907196e-02 4.222113266587257385e-02
2.000000000000000000e+00 8.230870962142944336e-01 4.613150787353515625e+01 9.612338542938232422e-01 9.149668471764016431e-07 1.139156054705381393e-03 9.724860787391662598e-01 2.404397912323474884e-02 4.042579606175422668e-02
3.000000000000000000e+00 1.279417514801025391e+00 3.584880447387695312e+01 8.494063615798950195e-01 1.397739424646715634e-06 5.122278351336717606e-03 1.242978692054748535e+00 3.446328639984130859e-02 2.986345067620277405e-02
4.000000000000000000e+00 1.636995315551757812e+00 2.967851066589355469e+01 8.425784111022949219e-01 4.766215624840697274e-06 4.413867834955453873e-03 1.306219935417175293e+00 4.598968848586082458e-02 2.227994985878467560e-02
5.000000000000000000e+00 1.863853812217712402e+00 2.831582069396972656e+01 7.644663453102111816e-01 2.733898691076319665e-05 3.224949759896844625e-04 1.197994232177734375e+00 5.388475209474563599e-02 2.290601469576358795e-02
6.000000000000000000e+00 1.907293558120727539e+00 1.093595385551452637e+00 6.980440020561218262e-01 1.330037048319354653e-04 3.122597001492977142e-03 2.193512678146362305e+00 6.414785981178283691e-02 2.714432403445243835e-02
7.000000000000000000e+00 2.481001853942871094e+00 2.408494234085083008e+00 5.007832050323486328e-01 7.286982145160436630e-04 2.181121846660971642e-03 1.213461995124816895e+00 7.085662335157394409e-02 3.302140533924102783e-02
8.000000000000000000e+00 3.185740470886230469e+00 1.307797551155090332e+00 3.833697140216827393e-01 2.677657466847449541e-04 6.748399464413523674e-04 6.512855291366577148e-01 6.338778138160705566e-02 3.405550867319107056e-02
9.000000000000000000e+00 3.652112722396850586e+00 1.290547609329223633e+00 2.387494593858718872e-01 7.868751417845487595e-04 7.967211786308325827e-06 5.042702555656433105e-01 5.886556208133697510e-02 3.481797873973846436e-02
1.000000000000000000e+01 4.085602283477783203e+00 1.421367526054382324e+00 1.213563755154609680e-01 4.141202225582674146e-05 3.604486992117017508e-04 4.069389402866363525e-01 4.015106707811355591e-02 6.009428575634956360e-02
1.100000000000000000e+01 4.889664649963378906e+00 1.605541467666625977e+00 5.348522588610649109e-02 5.551542853936553001e-04 3.173612640239298344e-04 6.459113955497741699e-01 9.227690286934375763e-03 6.516545265913009644e-02
1.200000000000000000e+01 5.404002666473388672e+00 2.763969898223876953e+00 2.447727136313915253e-02 4.604652640409767628e-04 7.466543465852737427e-04 7.092346549034118652e-01 2.905953861773014069e-02 5.855606868863105774e-02
