# k gas iso ps loopA loopB ics fb_flat nfw_NFW_g1_rho2.5_rs21_R08_rvir402_ns2048_normpole_pheno
0.000000000000000000e+00 2.763279080390930176e-01 1.000901963561773300e-02 1.312654972076416016e+00 3.527088665578048676e-08 4.076402634382247925e-03 5.105336904525756836e-01 1.740166172385215759e-02 3.364728018641471863e-02
1.000000000000000000e+00 4.533855617046356201e-01 1.002441253513097763e-02 1.115895390510559082e+00 2.095347468866748386e-07 2.472230000421404839e-03 7.686375379562377930e-01 1.948070712387561798e-02 4.098432138562202454e-02
2.000000000000000000e+00 8.010226488113403320e-01 1.003632135689258575e-02 1.011076807975769043e+00 5.140421421856444795e-09 3.745939349755644798e-03 1.311187028884887695e+00 2.532596886157989502e-02 3.895088285207748413e-02
3.000000000000000000e+00 1.229291915893554688e+00 1.647624187171459198e-02 9.117591381072998047e-01 1.464388333261013031e-06 8.273993618786334991e-03 1.696060419082641602e+00 3.613882884383201599e-02 2.888546884059906006e-02
4.000000000000000000e+00 1.536641597747802734e+00 3.048801422119140625e-02 8.889767527580261230e-01 7.018065844022203237e-06 8.709349669516086578e-03 1.944576025009155273e+00 4.799363762140274048e-02 2.100894600152969360e-02
5.000000000000000000e+00 1.705146193504333496e+00 6.261849403381347656e-02 7.930594682693481445e-01 8.857124157657381147e-06 6.745131686329841614e-03 2.026304721832275391e+00 5.751642584800720215e-02 2.184056676924228668e-02
6.000000000000000000e+00 1.920498132705688477e+00 6.167840957641601562e-02 6.851763725280761719e-01 4.413559872773475945e-05 3.396449144929647446e-03 2.159819841384887695e+00 6.436768174171447754e-02 2.629458531737327576e-02
7.000000000000000000e+00 2.479673624038696289e+00 1.454810947179794312e-01 5.027269721031188965e-01 1.150364550994709134e-04 9.110486134886741638e-04 1.217609286308288574e+00 7.140595465898513794e-02 3.289048373699188232e-02
8.000000000000000000e+00 3.230750799179077148e+00 9.610905498266220093e-02 3.776084780693054199e-01 6.691602902719751000e-05 2.891113108489662409e-04 5.233882069587707520e-01 6.493039429187774658e-02 3.399740159511566162e-02
9.000000000000000000e+00 3.677066087722778320e+00 8.707634359598159790e-02 2.353597432374954224e-01 1.463507651351392269e-04 3.741785985766910017e-05 4.364541471004486084e-01 5.606526136398315430e-02 3.660360351204872131e-02
1.000000000000000000e+01 4.096302509307861328e+00 9.868107736110687256e-02 1.193908229470252991e-01 5.411893653217703104e-05 1.455027522752061486e-04 3.461013734340667725e-01 3.938100859522819519e-02 5.888801813125610352e-02
1.100000000000000000e+01 4.844781398773193359e+00 1.276818364858627319e-01 4.442647099494934082e-02 7.790150266373530030e-05 1.586552098160609603e-04 4.977762997150421143e-01 7.313529495149850845e-03 6.730367988348007202e-02
1.200000000000000000e+01 5.297718048095703125e+00 1.674699038267135620e-01 2.977286465466022491e-02 5.458485102280974388e-04 2.327846159460023046e-04 8.012729287147521973e-01 2.703950181603431702e-02 5.365838482975959778e-02
